72

17 0 93
62 1 110
25 2 179
4 3 114
135 4 72
122 5 49
43 6 40
136 7 117
153 8 68
69 9 33
155 10 55
107 11 39
148 12 51
119 13 88
87 14 16
139 15 115
106 16 19
74 17 49
57 18 85
8 19 104
63 20 90
147 21 137
78 22 42
131 23 60
34 24 56
109 25 58
29 26 145
26 27 98
42 28 60
126 29 97
76 30 83
118 31 83
91 32 82
32 33 20
9 34 56
7 35 22
70 36 95
120 37 92
44 38 68
90 39 75
15 40 139
154 41 80
132 42 22
33 43 25
40 44 40
35 45 157
137 46 79
149 47 131
142 48 111
67 49 60
28 50 73
103 51 84
22 52 13
80 53 58
115 54 50
144 55 31
130 56 101
146 57 99
141 58 60
123 59 22
6 60 52
85 61 76
23 62 31
81 63 54
127 64 56
10 65 89
47 66 12
75 67 92
102 68 80
11 69 49
108 70 38
82 71 29
